1.00000000000000e+00 1.22847009748473e+00
2.00000000000000e+00 2.10376813814537e-01
3.00000000000000e+00 6.98212365183813e-02
4.00000000000000e+00 3.48354610480381e-02
5.00000000000000e+00 1.69644970028301e-02
6.00000000000000e+00 8.65794417747845e-03
7.00000000000000e+00 4.37880948252101e-03
8.00000000000000e+00 2.22144473802599e-03
9.00000000000000e+00 1.12679043895869e-03
1.00000000000000e+01 5.71727331694971e-04
1.10000000000000e+01 2.90112004019627e-04
1.20000000000000e+01 1.47220160083950e-04
