1.00000000000000e+00 7.43750514182516e-01
2.00000000000000e+00 1.49566973761440e-01
3.00000000000000e+00 4.59268412279862e-02
4.00000000000000e+00 2.22381172101655e-02
5.00000000000000e+00 1.12625274837339e-02
6.00000000000000e+00 5.71577266600436e-03
7.00000000000000e+00 2.90078446492298e-03
8.00000000000000e+00 1.47212355264279e-03
9.00000000000000e+00 7.47083963194366e-04
1.00000000000000e+01 3.79134752388850e-04
1.10000000000000e+01 1.92405518133561e-04
1.20000000000000e+01 9.76430612938691e-05
