1.00000000000000e+00 5.88177861253191e-01
2.00000000000000e+00 1.22568380648099e-01
3.00000000000000e+00 3.50383932586376e-02
4.00000000000000e+00 1.75412556390100e-02
5.00000000000000e+00 8.74214322929034e-03
6.00000000000000e+00 4.49274996046112e-03
7.00000000000000e+00 2.28289994300768e-03
8.00000000000000e+00 1.16059062025253e-03
9.00000000000000e+00 5.89355203536090e-04
1.00000000000000e+01 2.99202648714969e-04
1.10000000000000e+01 1.51868143235645e-04
1.20000000000000e+01 7.70781209926685e-05
