1.00000000000000e+00 6.13932995964423e-01
2.00000000000000e+00 1.29311489266685e-01
3.00000000000000e+00 3.86458017264349e-02
4.00000000000000e+00 1.87381846272515e-02
5.00000000000000e+00 9.52617609998010e-03
6.00000000000000e+00 4.84599048960462e-03
7.00000000000000e+00 2.46150966945749e-03
8.00000000000000e+00 1.24987583584162e-03
9.00000000000000e+00 6.34456040182175e-04
1.00000000000000e+01 3.22020891446339e-04
1.10000000000000e+01 1.63431960562548e-04
1.20000000000000e+01 8.29422340986682e-05
