1.00000000000000e+00 6.47321822157133e-01
2.00000000000000e+00 1.35186003861293e-01
3.00000000000000e+00 4.08108264997569e-02
4.00000000000000e+00 1.97107859036766e-02
5.00000000000000e+00 1.00399206199005e-02
6.00000000000000e+00 5.09883206602677e-03
7.00000000000000e+00 2.58948818849525e-03
8.00000000000000e+00 1.31452453833112e-03
9.00000000000000e+00 6.67211838504096e-04
1.00000000000000e+01 3.38627506562815e-04
1.10000000000000e+01 1.71855667385280e-04
1.20000000000000e+01 8.72160968958954e-05
