302.04061
331.31646
1945.4357
2048.4851
798.87788
912.48603
596.87582
13510.553
260.14482
1016.5246
529.55049
574.76664
295.35385
254.09628
622.0485
189.68575
285.4809
525.58654
596.81426
1096.2084
11790.265
370.9128
162.21195
165.6222
180.9349
305.99318
521.50899
5499.552
312.92184
1857.4621
3739.0154
2369.7313
456.59436
411.70641
329.87932
534.68755
3478.9829
444.54741
486.47072
1295.5164
682.53214
374.37443
1711.6577
543.22677
265.13344
2657.6164
857.08973
353.76758
1374.3411
6888.4066
1259.6473
3550.5929
2457.5768
759.2601
222.21861
211.43378
152.8546
948.82568
524.94296
689.55554
685.39194
14074.194
1252.636
796.43585
449.9201
2397.3752
343.9705
768.09754
662.73141
211.28914
543.63761
194.04669
2060.557
845.68724
447.8642
1777.0456
180.65228
292.74783
143.28803
387.25194
3348.8866
105.17652
161.9055
732.9897
1224.0319
638.88904
15606.777
1779.8445
507.34333
396.42724
1451.3564
3692.1571
169.81243
508.44658
1483.8626
310.92155
672.44987
1892.1873
3187.5923
211.19777
278.05414
747.42707
6648.1872
397.09366
265.95747
363.68701
249.09777
501.08978
328.83498
347.88943
376.43289
362.15814
386.86103
588.06603
1425.8891
3848.7354
307.79092
1743.8309
834.73952
308.92864
1165.6683
181.56068
766.04267
441.18838
623.39729
799.87283
271.15642
263.54171
324.08267
1870.2783
1665.0368
532.76926
400.03514
468.12797
162.84741
687.11786
483.52505
258.35533
1141.7473
301.36235
411.39707
405.30392
228.73232
1272.4709
321.25499
246.96482
257.66442
852.69165
253.37323
465.81056
1024.5859
2889.9015
386.618
373.4968
1322.4757
8414.5781
654.22281
304.91624
387.43993
195.80053
341.6273
1784.1125
1615.3023
186.20288
225.74024
830.18213
289.77008
500.02197
559.23632
182.45875
836.5908
606.78055
396.68786
1194.934
531.50472
601.7176
506.56693
642.62616
2319.602
262.84586
217.37051
346.99112
24190.296
125.44432
328.31987
1079.0953
357.00374
558.13684
26372.422
2072.552
397.92684
1452.0673
471.63831
1199.6808
135.94469
256.44343
217.50549
2613.3393
724.71667
848.60487
406.05382
2882.9543
200.82564
366.91904
195.61756
7991.6457
197.87475
294.1232
601.02606
1299.4793
1598.2013
1367.3032
282.0234
1328.8441
489.05627
440.92127
2460.2463
3799.9567
260.14559
492.45802
738.72274
597.55754
353.37933
479.13184
479.44774
1597.0511
497.29757
659.17743
312.42932
377.99099
328.02191
26665.043
253.76629
388.53868
479.00101
2126.2979
610.74724
417.39866
789.91055
3234.9474
141.89996
8932.0345
230.37071
211.33548
990.26685
2423.049
240.8635
150.67991
741.64821
810.39237
